001	acajete					97.010556	19.587500
002	acatlan					96.841389	19.695556
003	acayucan					94.913056	17.950833
004	actopan					96.619167	19.503611
005	acula					95.774444	18.505278
006	acultzingo					97.303333	18.718333
007	camaron_de_tejeda					96.614444	19.021667
007	alpatlahuac					97.090556	19.118889
009	alto_lucero_de_gutierrez_barrios					96.734167	19.624722
010	altotonga					97.245556	19.766111
011	alvarado					95.766389	18.776111
012	amatitlan					95.732778	18.431944
013	naranjos_amatlan					97.683333	21.347222
014	amatlan_de_los_reyes					96.914722	18.850000
015	angel_r_cabada					95.446944	18.594444
016	la_antigua					96.37	19.368333
017	apazapan					96.719722	19.321111
018	aquila					97.307222	18.796111
019	astacinga					97.1025	18.569167
020	atlahuilco					97.088333	18.699444
021	atoyac					96.777778	18.913056
022	atzacan					97.085833	18.905278
023	atzalan					97.242222	19.789167	
024	tlaltetela					96.901944	19.313333
025	ayahualulco					97.151389	19.351667
026	banderilla					96.938889	19.590556
027	benito_juarez					98.206389	20.885278
028	boca_del_rio					96.107778	19.105556
029	calcahualco					97.084722	19.122778
030	camerino_z_mendoza					97.183333	18.803611
031	carrillo_puerto					96.570556	18.799444
032	catemaco					95.1125	18.426111
033	cazones					97.310556	20.703611
034	cerro_azul					97.739722	21.187778
035	citlaltepetl					97.878889	21.329722
036	coacoatzintla					96.940833	19.652500
037	coahuitlan					97.711667	20.273611
038	coatepec					96.958611	19.455278
039	coatzacoalcos					94.463333	18.135833
040	coatzintla					97.46	20.485833
041	coetzala					96.916944	18.784722
042	colipa					96.726944	19.923889
043	comapa					96.885556	19.165000
044	cordoba					96.94	18.890278
045	cosamaloapan_de_carpio					95.790833	18.376667
046	cosautlan_de_carvajal					96.990833	19.333889
047	coscomatepec					97.047778	19.073056
048	cosoleacaque					94.636389	17.999444
049	cotaxtla					96.397222	18.836389
050	coxquihui					97.581389	20.183889
051	coyutla					97.657778	20.247222
052	cuichapa					96.868333	18.773056
053	cuitlahuac					96.726389	18.814722
054	chacaltianguis					95.841667	18.305278
055	chalma					98.394722	21.208611
056	chiconamel					98.459722	21.230556
057	chiconquiaco					96.818889	19.742778
058	chicontepec					98.178333	20.971389
059	chinameca					94.683056	18.017778
060	chinampa_de_gorostiza					97.735278	21.359444
061	las_choapas					94.098333	17.908611
062	chocaman					97.028056	19.013889
063	chontla					97.923889	21.294444
064	chumatlan					97.594722	20.206667
065	emiliano_zapata					96.799444	19.484167
066	espinal					97.398611	20.257778
067	filomeno_mata					97.703889	20.198333
068	fortin					97.000000	18.908056
069	gutierrez_zamora					97.089722	20.453611
070	hidalgotitlan					94.646667	17.771111
071	huatusco					96.9675	19.149444
072	huayacocotla					98.481389	20.535278
073	hueyapan_de_ocampo					95.145833	18.150833
074	huiloapan					97.154444	18.817222
075	ignacio_de_la_llave					95.984444	18.723889
076	ilamatlan					98.443333	20.779722
077	isla					95.526389	18.029167
078	ixcatepec					98.006944	21.236944
079	ixhuacan_de_los_reyes					97.114167	19.355278
080	ixhuatlan_del_cafe					96.981944	19.048889
081	ixhuatlancillo					97.149167	18.897778
082	ixhuatlan_del_sureste					94.390833	18.022778
083	ixhuatlan_de_madero					98.013611	20.687778
084	ixmatlahuacan					95.83	18.449167
085	ixtaczoquitlan					97.062222	18.862778
086	jalacingo					97.307778	19.804444
087	xalapa					96.909167	19.538056
088	jalcomulco					96.762222	19.334444
089	jaltipan					94.714444	17.970278
090	jamapa					96.241111	19.041111
091	jesus_carranza					95.026944	17.437222
092	xico					97.004722	19.421667
093	jilotepec					96.951111	19.609722
094	juan_rodriguez_clara					95.401389	17.993889
095	juchique_de_ferrer					96.694722	19.840556
096	landero_y_coss					96.851944	19.735556
097	lerdo_de_tejada					95.514167	18.623889
098	magdalena					97.046111	18.760833
099	maltrata					97.276389	18.811944
100	manlio_fabio_altamirano					96.331667	19.094444
101	mariano_escobedo					97.13	18.913333
102	martinez_de_la_torre					97.052778	20.068611
103	mecatlan					97.680833	20.209167
104	mecayapan					94.836667	18.219444
105	medellin					96.162222	19.061667
106	miahuatlan					96.866111	19.702500
107	las_minas					97.146667	19.691389
108	minatitlan					94.560556	18.017222
109	misantla					96.855	19.926389
110	mixtla_de_altamirano					96.993611	18.595278
111	moloacan					94.348056	17.987222
112	naolinco					96.873611	19.655833
113	naranjal					96.96	18.810278
114	nautla					96.770833	20.205556
115	nogales					97.164722	18.820278
116	oluta					94.893611	17.928333
117	omealca					96.785	18.745833
118	orizaba					97.096667	18.858611
119	otatitlan					96.034167	18.176944
120	oteapan					94.669722	17.996667
121	ozuluama_de_mascarenas					97.851389	21.663611
122	pajapan					94.691667	18.262500
123	panuco					98.187222	22.051944
124	papantla					97.324444	20.448889
125	paso_del_macho					96.723889	18.971389
126	paso_de_ovejas					96.438611	19.285000
127	la_perla					97.1325	18.927500
128	perote					97.245	19.558611
129	platon_sanchez					98.374167	21.272778
130	playa_vicente					95.813333	17.828333
131	poza_rica_de_hidalgo					97.443611	20.534167
132	las_vigas_de_ramirez					97.103611	19.638333
133	pueblo_viejo					97.8325	22.184167
134	puente_nacional					96.484444	19.323889
135	rafael_delgado					97.072778	18.813056
136	rafael_lucio					96.989167	19.593889
137	los_reyes					97.045556	18.673056
138	rio_blanco					97.113333	18.831389
139	saltabarranca					95.532222	18.590556
140	san_andres_tenejapan					97.092222	18.788611
141	san_andres_tuxtla					95.214167	18.441389
142	san_juan_evangelista					95.139444	17.889444
143	santiago_tuxtla					95.301389	18.467500
144	sayula_de_aleman					94.960556	17.881111
145	soconusco					94.881389	17.962222
146	sochiapa					96.940833	19.193333
147	soledad_atzompa					97.149167	18.755000
148	soledad_de_doblado					96.421111	19.046389
149	soteapan					94.872778	18.231389
150	tamalin					97.813333	21.338333
151	tamiahua					97.446944	21.279444
152	tampico_alto					97.801389	22.112778
153	tancoco					97.790556	21.286111
154	tantima					97.834167	21.331111
155	tantoyuca					98.23	21.351667
156	tatatila					97.110278	19.693333
157	castillo_de_teayo					97.638889	20.748333
158	tecolutla					97.014167	20.484167
159	tehuipango					97.056111	18.517778
160	temapache					97.6775	20.913611
161	tempoal					98.388056	21.522500
162	tenampa					96.884722	19.248333
163	tenochtitlan					96.916111	19.809167
164	teocelo					96.972778	19.387222
165	tepatlaxco					96.8425	19.066944
166	tepetlan					96.798889	19.671944
167	tepetzintla					97.851111	21.165833
168	tequila					97.070278	18.729444
169	jose_azueta					95.711111	18.075000
170	texcatepec					98.365278	20.584167
171	texhuacan					97.038889	18.621944
172	texistepec					94.811389	17.896944
173	tezonapa					96.6875	18.605833
174	tierra_blanca					96.357222	18.448889
175	tihuatlan					97.536944	20.716944
176	tlacojalpan					95.9475	18.231111
177	tlacolulan					97.000556	19.664444
178	tlacotalpan					95.656389	18.613056
179	tlacotepec_de_mejia					96.835	19.191667
180	tlachichilco					98.199167	20.619722
181	tlalixcoyan					96.060556	18.802222
182	tlalnelhuayocan					96.973889	19.564444
183	tlapacoyan					97.213056	19.963056
184	tlaquilpa					97.118889	18.612222
185	tlilapan					97.099444	18.806111
186	tomatlan					97.008611	19.030833
187	tonayan					96.921667	19.681111
188	totutla					96.963333	19.210278
189	tuxpam					97.380833	20.958611
190	tuxtilla					95.894167	18.237778
191	ursulo_galvan					96.363056	19.406944
192	vega_de_alatorre					96.649722	20.028056
193	veracruz					96.153333	19.190278
194	villa_aldama					97.223333	19.648611
195	xoxocotla					97.150278	18.646667
196	yanga					96.8	18.831389
197	yecuatla					96.776667	19.865833
198	zacualpan					98.348611	20.433611
199	zaragoza					94.641389	17.953056
200	zentla					96.858889	19.114722
201	zongolica					97.001111	18.664167
202	zontecomatlan_de_lopez_y_fuentes					98.343889	20.761389
203	zozocolco_de_hidalgo					97.576667	20.140556
204	agua_dulce					94.143611	18.138056
205	el_higo					98.452222	21.767778
206	nanchital_de_lazaro_cardenas_del_rio					94.409444	18.064722
207	tres_valles					96.136111	18.239444
208	carlos_a_carrillo					95.744722	18.370833
209	tatahuicapan_de_juarez					94.760556	18.245556
210	uxpanapa					94.451944	17.277222
211	san_rafael					96.870833	20.188056
212	santiago_sochiapan					95.735278	17.663333